0.610000 0.498000 0.650000 0.388000 0.498000 0.350000 0.530000 0.498000 0.620000 3.438000 3.012000 4.025000 
0.066418 0.309265 0.613995 0.812511 0.382810 0.728412 0.742251 0.996664 0.818751 0.089986 0.362617 0.659582 
0.575249 0.318918 0.349413 0.417449 0.706421 0.338760 0.776021 0.953887 0.351318 0.036685 0.204912 0.730893 
0.303436 0.533523 0.384295 0.428070 0.252451 0.808537 0.935514 0.699790 0.975030 0.439622 0.965881 0.231509 
0.965195 0.176387 0.792009 0.401514 0.545314 0.815369 0.104932 0.611732 0.124634 0.718927 0.424242 0.507444 
0.280866 0.441709 0.426571 0.508115 0.929776 0.855163 0.280679 0.233212 0.388686 0.664973 0.661282 0.641137 
0.752097 0.785546 0.133094 0.950458 0.528833 0.967848 0.315459 0.584534 0.186656 0.460945 0.977847 0.635467 
0.703052 0.821130 0.966505 0.457311 0.379012 0.743481 0.827792 0.681808 0.085719 0.903558 0.940470 0.313601 
0.777372 0.800265 0.795390 0.219179 0.222565 0.796259 0.664782 0.851425 0.703756 0.508516 0.773816 0.079166 
0.796608 0.738652 0.449548 0.858062 0.559241 0.727692 0.088165 0.324881 0.968006 0.488158 0.043463 0.107774 
